time,position
0.0,0.0
0.01877346683354193,0.6845265437324306
0.03754693366708386,2.6996948366815916
0.056320400500625784,5.981498520196394
0.07509386733416772,10.46059421956888
0.09386733416770965,16.063385162313462
0.11264080100125157,22.709528099641247
0.1314142678347935,30.313028011212765
0.15018773466833543,38.7882688105437
0.16896120150187735,48.050150505554264
0.1877346683354193,58.01409394887375
0.20650813516896122,68.59739578303171
0.22528160200250313,79.71191794588638
0.24405506883604508,91.26986386183988
0.262828535669587,103.1885845722935
0.28160200250312895,115.39057873564762
0.30037546933667086,127.80349262730189
0.3191489361702128,140.36012013965515
0.3379224030037547,152.99801209473227
0.3566958698372967,165.65288646405318
0.3754693366708386,178.26250887679754
0.3942428035043805,190.7701668160662
0.41301627033792243,203.12413926398344
0.43178973717146435,215.27769670169667
0.45056320400500627,227.1891011093768
0.46933667083854824,238.82160596621796
0.48811013767209016,250.14345625043748
0.5068836045056321,261.12479982715456
0.525657071339174,271.7338605277081
0.5444305381727159,281.9463056948636
0.5632040050062579,291.7408661762005
0.5819774718397998,301.09912638454415
0.6007509386733417,310.0055242979672
0.6195244055068837,318.4473514597884
0.6382978723404256,326.41475297857335
0.6570713391739675,333.8995936216396
0.6758448060075094,340.89552946957036
0.6946182728410514,347.40026822670325
0.7133917396745934,353.4129636940079
0.7321652065081352,358.93415393445844
0.7509386733416772,363.9657612730334
0.769712140175219,368.5110922967156
0.788485607008761,372.5748378544925
0.807259073842303,376.16307305735575
0.8260325406758449,379.28325727830145
0.8448060075093868,381.9434686128176
0.8635794743429287,384.1534681204054
0.8823529411764707,385.92504609209755
0.9011264080100125,387.2702861044189
0.9198998748435545,388.2015566052344
0.9386733416770965,388.7315109137486
0.9574468085106383,388.87308722050597
0.9762202753441803,388.63950858739094
0.9949937421777222,388.04428294762755
1.0137672090112642,387.10120310577986
1.0325406758448061,385.8240675780804
1.051314142678348,384.22679591157134
1.0700876095118899,382.325402827685
1.0888610763454318,380.1357093422627
1.1076345431789738,377.67312089873064
1.1264080100125158,374.95262736809934
1.1451814768460578,371.98880304896437
1.1639549436795995,368.79580666750564
1.1827284105131415,365.3873813774878
1.2015018773466835,361.77685476026033
1.2202753441802254,357.9771388247571
1.2390488110137674,354.0007300074969
1.2578222778473092,349.85974297508136
1.2765957446808511,345.56689257824456
1.295369211514393,341.13555974928204
1.314142678347935,336.57861743240574
1.332916145181477,331.9083637627245
1.3516896120150188,327.1365220662442
1.3704630788485608,322.27424085986775
1.3892365456821028,317.3320938513948
1.4080100125156447,312.3200799395224
1.4267834793491867,307.24762321384424
1.4455569461827285,302.1235729548513
1.4643304130162704,296.95620363393124
1.4831038798498124,291.7532149133689
1.5018773466833544,286.5217316463461
1.5206508135168963,281.26844849009996
1.539424280350438,276.0021698685319
1.55819774718398,270.73064231549245
1.576971214017522,265.4605235233277
1.595744680851064,260.1981197081138
1.614518147684606,254.949385609657
1.6332916145181477,249.7199244914939
1.6520650813516897,244.51498814089106
1.6708385481852317,239.33947686884542
1.6896120150187737,234.19793951008404
1.7083854818523156,229.09457342306413
1.7271589486858574,224.0332244899732
1.7459324155193994,219.01738711672874
1.7647058823529413,214.05020423297856
1.7834793491864833,209.13446729210065
1.802252816020025,204.27298351876843
1.821026282853567,199.46929043521138
1.839799749687109,194.72572423065654
1.858573216520651,190.04435779777754
1.877346683354193,185.4271030762359
1.8961201501877347,180.87571105268103
1.9148936170212767,176.3917717607499
1.9336670838548187,171.97671428106756
1.9524405506883606,167.63180674124683
1.9712140175219026,163.35815631588835
1.9899874843554444,159.15670922658055
2.0087609511889863,155.02825074189965
2.0275344180225283,150.97340517740983
2.0463078848560703,146.99266352061
2.0650813516896123,143.08669491522699
2.0838548185231542,139.25562597465301
2.102628285356696,135.49936200024052
2.121401752190238,131.81775860110093
2.1401752190237797,128.21062169410465
2.1589486858573217,124.67770750388084
2.1777221526908637,121.21872256281782
2.1964956195244056,117.8333237110628
2.2152690863579476,114.5211180965219
2.2340425531914896,111.2816631748602
2.2528160200250316,108.11446670950173
2.2715894868585735,105.01898677162943
2.2903629536921155,101.99463174018524
2.3091364205256575,99.04076030187001
2.327909887359199,96.15668145114358
2.346683354192741,93.34164889935171
2.365456821026283,90.59475281203515
2.384230287859825,87.91496114650221
2.403003754693367,85.30123934171898
2.421777221526909,82.75255427879338
2.440550688360451,80.26787428097515
2.459324155193993,77.8461691136558
2.478097622027535,75.48640998436872
2.4968710888610763,73.18756954278913
2.5156445556946183,70.94862188073397
2.5344180225281603,68.76854253216209
2.5531914893617023,66.64630847317413
2.5719649561952442,64.58089812201257
2.590738423028786,62.57129133906172
2.609511889862328,60.61646942684765
2.62828535669587,58.71545280704431
2.647058823529412,56.86738398256604
2.665832290362954,55.07104668595887
2.6846057571964956,53.32519098426529
2.7033792240300376,51.62859586350389
2.7221526908635796,49.98006922866961
2.7409261576971216,48.37844790373361
2.7596996245306635,46.82259763164324
2.7784730913642055,45.31141307432209
2.7972465581977475,43.843817812670004
2.8160200250312895,42.41876434656301
2.8347934918648314,41.035234094853436
2.8535669586983734,39.69223739536977
2.872340425531915,38.38881350491679
2.891113892365457,37.12403059927542
2.909887359198999,35.89698577320291
2.928660826032541,34.70680504043266
2.947434292866083,33.55264333367439
2.966207759699625,32.43368450461395
2.9849812265331668,31.349141323913503
3.0037546933667088,30.298255481211392
3.0225281602002507,29.28029758512222
3.0413016270337927,28.294402921779888
3.0600750938673342,27.3394403308492
3.078848560700876,26.41450085003443
3.097622027534418,25.51870490437749
3.11639549436796,24.651195530323168
3.135168961201502,23.811138375719178
3.153942428035044,22.997721699816115
3.172715894868586,22.210156373267488
3.191489361702128,21.44767587812971
3.21026282853567,20.70953630786211
3.229036295369212,19.9950163673269
3.2478097622027535,19.303417372789234
3.2665832290362955,18.634063251917112
3.2853566958698375,17.98630054378149
3.3041301627033794,17.35949839885621
3.3229036295369214,16.753048579018028
3.3416770963704634,16.16636545754659
3.3604505632040054,15.598886019124464
3.3792240300375473,15.050069859837103
3.3979974968710893,14.519399187172889
3.4167709637046313,14.006378820023095
3.435544430538173,13.510536188681908
3.454317897371715,13.031421334846385
3.4730913642052568,12.568606911616536
3.4918648310387987,12.121688183495248
3.5106382978723407,11.690234923795309
3.5294117647058827,11.273433911170692
3.5481852315394247,10.870747706268144
3.5669586983729666,10.481740836482206
3.5857321652065086,10.105987867205998
3.60450563204005,9.743073401831234
3.623279098873592,9.392592081748184
3.642052565707134,9.054148586345725
3.660826032540676,8.727357633011305
3.679599499374218,8.411843977130953
3.69837296620776,8.107242412089283
3.717146433041302,7.813197769269486
3.735919899874844,7.529364918053337
3.754693366708386,7.255408765821193
3.773466833541928,6.991004257951993
3.7922403003754694,6.73583637782326
3.8110137672090114,6.4896001468110835
3.8297872340425534,6.252000624290152
3.8485607008760954,6.022752907633726
3.8673341677096373,5.801582132213653
3.8861076345431793,5.588223471400359
3.9048811013767213,5.382422136562851
3.9236545682102633,5.183933377068719
3.9424280350438052,4.992522480284131
3.961201501877347,4.8079338106814475
3.9799749687108887,4.629869820274056
3.9987484355444307,4.458122275590958
4.017521902377973,4.292492114479087
4.036295369211515,4.132784399140462
4.055068836045057,3.9788083161321954
4.073842302878599,3.8303771763664876
4.092615769712141,3.6873084151106315
4.111389236545683,3.549423591987011
4.1301627033792245,3.416548390973101
4.1489361702127665,3.2885126204014674
4.1677096370463085,3.165150212959768
4.1864831038798505,3.04629922569075
4.205256570713392,2.931801839992253
4.224030037546934,2.8215043616172077
4.242803504380476,2.715257220673634
4.2615769712140175,2.6129149716246505
4.280350438047559,2.514336293288449
4.299123904881101,2.419383988838332
4.317897371714643,2.3279249858026816
4.336670838548185,2.2398303360649776
4.355444305381727,2.1549752158637836
4.374217772215269,2.0732389257927624
4.392991239048811,1.9945048908006617
4.411764705882353,1.918660660191323
4.430538172715895,1.8455979076236786
4.449311639549437,1.7751968100501339
4.468085106382979,1.7073539145237366
4.486858573216521,1.641991755912404
4.505632040050063,1.5790341230693146
4.524405506883605,1.5184060513620437
4.543178973717147,1.4600338226725649
4.561952440550689,1.4038449653972478
4.580725907384231,1.3497682544468588
4.599499374217773,1.2977337112465626
4.618272841051315,1.2476726037359194
4.637046307884856,1.1995174463688898
4.655819774718398,1.1532020001138237
4.67459324155194,1.108661272453476
4.693366708385482,1.0658315173849948
4.712140175219024,1.0246502354199265
4.730913642052566,0.985056173584214
4.749687108886108,0.946989325418198
4.76846057571965,0.9103909309766146
4.787234042553192,0.8752034768285981
4.806007509386734,0.8413706960576798
4.824780976220276,0.8088375682617877
4.843554443053818,0.7775503195532464
4.86232790988736,0.7474564225587784
4.881101376720902,0.7185045964195033
4.899874843554444,0.6906448067909364
4.918648310387986,0.663828265842991
4.937421777221528,0.6380074322599781
4.95619524405507,0.6131360112406039
4.974968710888612,0.5891709275259474
4.993742177722153,0.5660891204250778
5.012515644555695,0.543866970344762
5.031289111389237,0.5224790697028109
5.050062578222779,0.5019003203245237
5.068836045056321,0.48210593344268904
5.0876095118898625,0.46307142969758436
5.1063829787234045,0.4447726391369764
5.1251564455569465,0.42718570121612104
5.1439299123904885,0.41028706479776367
5.16270337922403,0.39405348815213853
5.181476846057572,0.37846203895696906
5.200250312891114,0.3634900942974681
5.219023779724656,0.34911534066633765
5.237797246558198,0.3353157739637687
5.25657071339174,0.32206969949744163
5.275344180225282,0.3093557319825261
5.294117647058824,0.29715279554168045
5.312891113892366,0.2854401237050528
5.331664580725908,0.2741972594102803
5.35043804755945,0.26340405500248903
5.369211514392991,0.25304067223429516
5.387984981226533,0.2430875822658022
5.406758448060075,0.23352556566460456
5.425531914893617,0.2243357124057855
5.444305381727159,0.21549942187191692
5.463078848560701,0.20699840285306048
5.481852315394243,0.1988146735467667
5.500625782227785,0.19093056155807545
5.519399249061327,0.18332880918238154
5.538172715894869,0.17600514145172128
5.556946182728411,0.1689577580730198
5.575719649561953,0.16217877602497174
5.594493116395495,0.155660379839275
5.613266583229037,0.1493948216006309
5.632040050062579,0.14337442094674388
5.650813516896121,0.13759156506832185
5.669586983729663,0.13203870870907586
5.688360450563205,0.12670837416572028
5.707133917396747,0.12159315128797289
5.725907384230289,0.11668569747855462
5.74468085106383,0.11197873769318999
5.763454317897372,0.1074650644406061
5.782227784730914,0.10313753778253407
5.801001251564456,0.09898908533370807
5.819774718397998,0.09501270226186546
5.83854818523154,0.09120145128774708
5.857321652065082,0.08754846268509689
5.876095118898624,0.08404693428066227
5.894868585732166,0.08069013145419378
5.913642052565708,0.07747138713844538
5.93241551939925,0.07438410181917422
5.951188986232792,0.07142174353514086
5.9699624530663336,0.06857784787810901
5.9887359198998755,0.06584601799284576
6.0075093867334175,0.06321992457712153
6.0262828535669595,0.06069330588170989
6.0450563204005014,0.05825996771038791
6.063829787234043,0.05591378341993574
6.082603254067585,0.053649409882109776
6.1013767209011265,0.05146796784808154
6.1201501877346685,0.04936847231177298
6.13892365456821,0.047348889254650035
6.157697121401752,0.045407180459478357
6.176470588235294,0.04354130351032338
6.195244055068836,0.04174921179255032
6.214017521902378,0.0400288544928242
6.23279098873592,0.03837817659910985
6.251564455569462,0.03679511890067189
6.270337922403004,0.035277617988074696
6.289111389236546,0.033823606253182495
6.307884856070088,0.03243101188915927
6.32665832290363,0.03109775889046882
6.345431789737172,0.029821767052874724
6.364205256570714,0.028600951973440362
6.382978723404256,0.027433225050528906
6.401752190237798,0.026316493483803324
6.42052565707134,0.025248660274226384
6.439299123904882,0.024227624224060645
6.458072590738424,0.02325127993686845
6.476846057571965,0.022317517817511984
6.495619524405507,0.021424224072153122
6.514392991239049,0.020569280708253618
6.533166458072591,0.019750565534575035
6.551939924906133,0.01896595216117867
6.570713391739675,0.018213309999425643
6.589486858573217,0.017490504261976878
6.608260325406759,0.016795395962793076
6.627033792240301,0.01612584191713475
6.645807259073843,0.015479694741562184
6.664580725907385,0.014854802853935483
6.683354192740927,0.01424901047341452
6.702127659574469,0.013662150156838353
6.720901126408011,0.013095795529786413
6.739674593241553,0.012549680832650807
6.758448060075095,0.012023517324054638
6.777221526908637,0.011517001384651282
6.795994993742179,0.01102981451712438
6.814768460575721,0.010561623346187836
6.833541927409263,0.010112079618585831
6.852315394242804,0.009680820203092824
6.871088861076346,0.009267467090513489
6.889862327909888,0.008871627393682824
6.90863579474343,0.008492893347466075
6.927409261576972,0.00813084230875876
6.9461827284105135,0.007785036756486661
6.9649561952440555,0.007455024291605824
6.9837296620775975,0.00714033763710257
7.0025031289111395,0.006840494637993485
7.021276595744681,0.006554998261325419
7.040050062578223,0.006283336596175497
7.058823529411765,0.006024982853651104
7.077596996245307,0.0057793953668898975
7.096370463078849,0.005546017591059801
7.115143929912391,0.005324278103359008
7.133917396745933,0.005113590603015978
7.152690863579475,0.004913353911289437
7.171464330413017,0.00472295197146838
7.190237797246559,0.0045417538488720715
7.2090112640801,0.004369113730850048
7.227784730913642,0.00420437092678209
7.246558197747184,0.004046849868078274
7.265331664580726,0.003895860108178933
7.284105131414268,0.0037506963225546696
7.30287859824781,0.0036106383087063493
7.321652065081352,0.0034749509861651136
7.340425531914894,0.0033428843964923645
7.359198998748436,0.0032136737032797693
7.377972465581978,0.0030865391921492766
7.39674593241552,0.0029606871508616765
7.415519399249062,0.0028368993132666725
7.434292866082604,0.00271641894188567
7.453066332916146,0.002599330028236834
7.471839799749688,0.002485707614622566
7.49061326658323,0.0023756177941295135
7.509386733416772,0.0022691177106285614
7.528160200250314,0.0021662555587748347
7.546933667083856,0.002067070584007702
7.565707133917398,0.0019715930825507703
7.584480600750939,0.001879844401411893
7.603254067584481,0.0017918369383831498
7.622027534418023,0.0017075741420408755
7.640801001251565,0.0016270505117456405
7.659574468085107,0.0015502515976422563
7.678347934918649,0.0014771540006597746
7.697121401752191,0.0014077253725114885
7.715894868585733,0.0013419244156949314
7.734668335419275,0.0012797008834918768
7.753441802252817,0.0012209955799683404
7.772215269086359,0.001165740359974577
7.790988735919901,0.0011138581291450839
7.809762202753443,0.001065262843898597
7.8285356695869845,0.0010198595114380943
7.8473091364205265,0.0009775441897507953
7.8660826032540685,0.0009382039876081578
7.8848560700876105,0.0009017170645658814
7.903629536921152,0.0008679526309639073
7.922403003754694,0.0008367709479264172
7.941176470588236,0.0008080233273618331
7.9599499374217775,0.0007815521319628177
7.9787234042553195,0.0007571907752062718
7.997496871088861,0.0007347637213533433
8.016270337922403,0.0007140864854494137
8.035043804755945,0.0006949656333241102
8.053817271589487,0.0006771987815912994
8.07259073842303,0.0006605745976490875
8.091364205256571,0.0006448727996798219
8.110137672090113,0.0006298641566500911
8.128911138923655,0.000615310488310725
8.147684605757197,0.0006009646651967932
8.16645807259074,0.0005865706086276054
8.185231539424281,0.0005718632907067122
8.204005006257823,0.0005565687343219074
8.222778473091365,0.0005404040131452225
8.241551939924907,0.0005230772516329308
8.260325406758449,0.0005042876250255468
8.279098873591991,0.00048387215693949584
8.297872340425533,0.00046305617356416385
8.316645807259075,0.0004422453167219762
8.335419274092617,0.00042151152811984393
8.354192740926159,0.0004009234853920772
8.372966207759701,0.0003805466021003851
8.391739674593243,0.0003604430277338758
8.410513141426785,0.00034067164770905644
8.429286608260327,0.0003212880833698333
8.448060075093869,0.00030234469198751163
8.46683354192741,0.0002838905667607958
8.485607008760953,0.00026597153681578913
8.504380475594493,0.0002486301672059956
8.523153942428035,0.0002319057589123134
8.541927409261577,0.00021583434884304463
8.560700876095119,0.00020044870983388873
8.57947434292866,0.00018577835064794432
8.598247809762203,0.00017184951597570909
8.617021276595745,0.0001586851864350795
8.635794743429287,0.00014630507857135133
8.654568210262829,0.00013472564485721912
8.67334167709637,0.00012396007369277676
8.692115143929913,0.00011401828940551692
8.710888610763455,0.00010490695225033155
8.729662077596997,9.66294584095114e-05
8.748435544430539,8.918593999274645e-05
8.76720901126408,8.257326503712548e-05
8.785982478097623,7.678503750713645e-05
8.804755944931165,7.18115972946667e-05
8.823529411764707,6.764002021900202e-05
8.842302878598248,6.425411802682751e-05
8.86107634543179,6.163443839222729e-05
8.879849812265332,5.975826491668463e-05
8.898623279098874,5.859961712908157e-05
8.917396745932416,5.8129250485699476e-05
8.936170212765958,5.831465637021862e-05
8.9549436795995,5.9120062093718245e-05
8.973717146433042,6.050643089467688e-05
8.992490613266584,6.243146193897167e-05
9.011264080100126,6.484959031987928e-05
9.030037546933668,6.771198705807509e-05
9.04881101376721,7.096655910163365e-05
9.067584480600752,7.455794932602851e-05
9.086357947434294,7.84275365341322e-05
9.105131414267836,8.251343545621637e-05
9.123904881101378,8.675049674995159e-05
9.14267834793492,9.107030700040767e-05
9.161451814768462,9.540118872005354e-05
9.180225281602004,9.966820034875679e-05
9.198998748435546,0.0001037931362537844
9.217772215269088,0.00010769452672980199
9.23654568210263,0.00011128763799887471
9.25531914893617,0.00011448447221046559
9.274092615769712,0.00011719376744143949
9.292866082603254,0.00011932099769605658
9.311639549436796,0.00012076837290597893
9.330413016270338,0.00012143483893026672
9.34918648310388,0.00012121607755537857
9.367959949937422,0.0001200045064951724
9.386733416770964,0.00011768927939090615
9.405506883604506,0.00011415628581123637
9.424280350438048,0.00010965863108015025
9.44305381727159,0.00010505705756301133
9.461827284105132,0.00010040538936488858
9.480600750938674,9.571633695833523e-05
9.499374217772216,9.100224045802997e-05
9.518147684605758,8.627506962077709e-05
9.5369211514393,8.154642384550627e-05
9.555694618272842,7.682753217327282e-05
9.574468085106384,7.212925328725749e-05
9.593241551939926,6.746207551276658e-05
9.612015018773468,6.283611681723185e-05
9.63078848560701,5.826112481021066e-05
9.649561952440552,5.37464767433858e-05
9.668335419274094,4.9301179510565654e-05
9.687108886107636,4.493386964768401e-05
9.705882352941178,4.065281333280025e-05
9.72465581977472,3.646590638609925e-05
9.743429286608261,3.2380674269891404e-05
9.762202753441803,2.840427208861259e-05
9.780976220275345,2.454348458882425e-05
9.799749687108887,2.080472615921331e-05
9.81852315394243,1.719404083059221e-05
9.837296620775971,1.3717102275898817e-05
9.856070087609513,1.0379213810196724e-05
9.874843554443055,7.185308390674849e-06
9.893617021276597,4.139948616647628e-06
9.91239048811014,1.2473267295551312e-06
9.931163954943681,-1.4887353870371462e-06
9.949937421777223,-4.0647862074381524e-06
9.968710888610765,-6.47774456383141e-06
9.987484355444305,-8.724899646274622e-06
10.006257822277847,-1.0803911002700622e-05
10.02503128911139,-1.2712808538916224e-05
10.043804755944931,-1.4449992518602722e-05
10.062578222778473,-1.601423356331598e-05
10.081351689612015,-1.7404672652486518e-05
10.100125156445557,-1.862082112341914e-05
10.1188986232791,-1.9662560671293148e-05
10.137672090112641,-2.0530143349162467e-05
10.156445556946183,-2.12241915679554e-05
10.175219023779725,-2.174569809647481e-05
10.193992490613267,-2.2096026061397953e-05
10.212765957446809,-2.2276908947276615e-05
10.231539424280351,-2.22904505965371e-05
10.250312891113893,-2.2139125209480234e-05
10.269086357947435,-2.1825777344281184e-05
10.287859824780977,-2.135362191698974e-05
10.306633291614519,-2.0726244201530136e-05
10.32540675844806,-1.9947599829701026e-05
10.344180225281603,-1.9022014791175753e-05
10.362953692115145,-1.795418543350184e-05
10.381727158948687,-1.6749178462101574e-05
10.400500625782229,-1.5412430940271665e-05
10.41927409261577,-1.3949750289183197e-05
10.438047559449313,-1.2367314287881692e-05
10.456821026282855,-1.0671671073287595e-05
10.475594493116397,-8.869739140195234e-06
10.494367959949939,-6.9688073412738385e-06
10.51314142678348,-4.9765348870669365e-06
10.531914893617023,-2.900951345992764e-06
10.550688360450565,-7.504566443435645e-07
10.569461827284107,1.4661789337132616e-06
10.588235294117649,3.7398147461363605e-06
10.60700876095119,6.060939793009591e-06
10.625782227784732,8.419672716542579e-06
10.644555694618274,1.0805761801070098e-05
10.663329161451816,1.3208584973053036e-05
10.682102628285358,1.5617149801076962e-05
10.7008760951189,1.8020093495853793e-05
10.719649561952442,2.040568291022043e-05
10.738423028785983,2.2761814539139172e-05
10.757196495619525,2.5076014519698457e-05
10.775969962453066,2.733543863111198e-05
10.794743429286608,2.9526872294718385e-05
10.81351689612015,3.163673057398278e-05
10.832290362953692,3.3651058174494824e-05
10.851063829787234,3.55555294439704e-05
10.869837296620776,3.7335448372250644e-05
10.888610763454318,3.897574859130227e-05
10.90738423028786,4.04609933752173e-05
10.926157697121402,4.177537564021351e-05
10.944931163954944,4.290271794463407e-05
10.963704630788486,4.382647248894777e-05
10.982478097622028,4.452972111574868e-05
11.00125156445557,4.5062671142441274e-05
11.020025031289112,4.6390054113070715e-05
11.038798498122654,4.87007013124599e-05
11.057571964956196,5.183132038851317e-05
11.076345431789738,5.562650324913206e-05
11.09511889862328,5.9938726062215356e-05
11.113892365456822,6.462834925565896e-05
11.132665832290364,6.956361751735604e-05
11.151439299123906,7.462065979519697e-05
11.170212765957448,7.968348929706924e-05
11.18898623279099,8.464400349085767e-05
11.207759699624532,8.940198410444417e-05
11.226533166458074,9.38650971257079e-05
11.245306633291616,9.794889280252523e-05
11.264080100125158,0.00010157680564276973
11.2828535669587,0.00010468015441431213
11.301627033792242,0.00010719814214502035
11.320400500625784,0.00010907785612275967
11.339173967459326,0.0001102742678953923
11.357947434292868,0.0001107502332707779
11.37672090112641,0.00011047649231677324
11.395494367959952,0.00010943166936123226
11.414267834793494,0.00010760227299200611
11.433041301627036,0.00010498269605694317
11.451814768460578,0.00010157521566388894
11.470588235294118,9.738999318068673e-05
11.48936170212766,9.244507423517564e-05
11.508135168961202,8.676638871519338e-05
11.526908635794744,8.038775076857394e-05
11.545682102628286,7.335085880314929e-05
11.564455569461828,6.570529548674789e-05
11.58322903629537,5.750852774719585e-05
11.602002503128912,4.882590677231664e-05
11.620775969962454,3.9730668009930074e-05
11.639549436795996,3.030393116785405e-05
11.658322903629537,2.0634700213903433e-05
11.67709637046308,1.0819863375889776e-05
11.695869837296621,9.641931416229093e-07
11.714643304130163,-8.819653741091348e-06
11.733416770963705,-1.8411136264449188e-05
11.752190237797247,-2.7681829160649867e-05
11.77096370463079,-3.6495422901895396e-05
11.789737171464331,-4.470772370039056e-05
11.808510638297873,-5.2166653508342935e-05
11.827284105131415,-5.871225001796284e-05
11.846057571964957,-6.417666666146378e-05
11.8648310387985,-6.838417261106162e-05
11.883604505632041,-7.115115277897514e-05
11.902377972465583,-7.228610781742611e-05
11.921151439299125,-7.158965411863896e-05
11.939924906132667,-6.885452381484041e-05
11.958698372966209,-6.40014002410374e-05
11.977471839799751,-5.784676257956518e-05
11.996245306633293,-5.072527854200337e-05
12.015018773466835,-4.282222995812273e-05
12.033792240300377,-3.431375322415617e-05
12.052565707133919,-2.5366839302798797e-05
12.071339173967461,-1.6139333723207908e-05
12.090112640801003,-6.7799365810029186e-06
12.108886107634545,2.57179746173457e-06
12.127659574468087,1.1785459176460767e-05
12.146433041301629,2.073978476816965e-05
12.16520650813517,2.9322655875393128e-05
12.183979974968713,3.743109957020094e-05
12.202753441802253,4.4971288358199854e-05
12.221526908635795,5.1858540178536704e-05
12.240300375469337,5.801731840389388e-05
12.259073842302879,6.338123184049248e-05
12.27784730913642,6.789303472809125e-05
12.296620775969963,7.150462673998689e-05
12.315394242803505,7.417705298301388e-05
12.334167709637047,7.588050399754456e-05
12.352941176470589,7.659431575748904e-05
12.37171464330413,7.630696967029532e-05
12.390488110137673,7.501609257694917e-05
12.409261576971215,7.272845675197427e-05
12.428035043804757,6.945997990343213e-05
12.446808510638299,6.523572517292187e-05
12.46558197747184,6.00899011355807e-05
12.484355444305383,5.40658618000837e-05
12.503128911138925,4.721610660864334e-05
12.521902377972467,3.960228043701047e-05
12.540675844806008,3.1295173594473524e-05
12.55944931163955,2.2374721823858595e-05
12.578222778473092,1.2930006301529785e-05
12.596996245306634,3.0592536373890955e-06
12.615769712140176,-7.130164125123857e-06
12.634543178973718,-1.7521729509031265e-05
12.65331664580726,-2.7989779603818197e-05
12.672090112640802,-3.8399506065430714e-05
12.690863579474344,-4.860695511627848e-05
12.709637046307886,-5.845902754523219e-05
12.728410513141428,-6.779347870762547e-05
12.74718397997497,-7.643891852525316e-05
12.765957446808512,-8.42148114863735e-05
12.784730913642054,-9.093147664570598e-05
12.803504380475596,-9.639008762443305e-05
12.822277847309138,-0.00010038267261019806
12.84105131414268,-0.00010269211435710827
12.859824780976222,-0.00010309215018573156
12.878598247809764,-0.00010134737198309837
12.897371714643306,-9.721322620270281e-05
12.916145181476848,-9.04703918816807e-05
12.93491864831039,-8.125215666697543e-05
12.95369211514393,-6.989403446767411e-05
12.972465581977472,-5.672057584385202e-05
12.991239048811014,-4.204272161394828e-05
13.010012515644556,-2.6157802854761778e-05
13.028785982478098,-9.349540901452167e-06
13.04755944931164,8.111952652460108e-06
13.066332916145182,2.5970175955093944e-05
13.085106382978724,4.398223689620747e-05
13.103879849812266,6.191885310719795e-05
13.122653316645808,7.956435196110208e-05
13.14142678347935,9.671667057259572e-05
13.160200250312892,0.00011318735579799384
13.178973717146434,0.00012880156423525094
13.197747183979976,0.00014339806222396064
13.216520650813518,0.00015682922584535572
13.23529411764706,0.0001689610409223084
13.254067584480602,0.00017967310301932987
13.272841051314144,0.00018885861744257092
13.291614518147686,0.00019642439923982143
13.310387984981228,0.00020229087320051037
13.32916145181477,0.00020639207385570634
13.347934918648312,0.00020867564547811667
13.366708385481854,0.00020910284208208849
13.385481852315396,0.00020764852742360783
13.404255319148938,0.0002043011750003002
13.42302878598248,0.00019906286805142996
13.441802252816021,0.00019194929955790123
13.460575719649563,0.00018298977224225709
13.479349186483105,0.00017222719856867976
13.498122653316647,0.0001597181007429912
13.51689612015019,0.0001455326107126518
13.535669586983731,0.00012975447016676234
13.554443053817273,0.00011248103053606198
13.573216520650815,9.382325299292914e-05
13.591989987484357,7.390570845138194e-05
13.6107634543179,5.2866577567077476e-05
13.629536921151441,3.085765073731159e-05
13.648310387984983,8.044328101021386e-06
13.667083854818525,-1.539438046121967e-05
13.685857321652065,-3.9265855327194424e-05
13.704630788485607,-6.336386713305462e-05
13.72340425531915,-8.746857677330404e-05
13.742177722152691,-0.00011134653540081261
13.760951188986233,-0.00013475068442680752
13.779724655819775,-0.00015742035552087933
13.798498122653317,-0.0001790812706109785
13.81727158948686,-0.00019944554188341506
13.836045056320401,-0.00021821167178286176
13.854818523153943,-0.00023506455301235173
13.873591989987485,-0.00024967546853327634
13.892365456821027,-0.0002617020915653904
13.911138923654569,-0.0002707884855868113
13.929912390488111,-0.000276565104334011
13.948685857321653,-0.00027864879180182657
13.967459324155195,-0.0002766427822434565
13.986232790988737,-0.0002701367001704586
14.005006257822279,-0.0002587065603527497
14.023779724655821,-0.00024232819577089696
14.042553191489363,-0.00022274161013393043
14.061326658322905,-0.00020062981139736425
14.080100125156447,-0.00017647594026149615
14.098873591989989,-0.00015073998346867672
14.11764705882353,-0.00012385877380330924
14.136420525657073,-9.62459900918499e-05
14.155193992490615,-6.829215720280773e-05
14.173967459324157,-4.03646460467444e-05
14.192740926157699,-1.2807673576274626e-05
14.21151439299124,1.405769721393407e-05
14.230287859824783,3.9933557287161587e-05
14.249061326658325,6.454515156463477e-05
14.267834793491867,8.764087892552777e-05
14.286608260325409,0.00010899229220696178
14.30538172715895,0.0001283940982040055
14.324155193992492,0.00014566415766967456
14.342928660826034,0.00016064348531493153
14.361702127659576,0.0001731962498086867
14.380475594493118,0.00018320977377779709
14.39924906132666,0.00019059453380706738
14.4180225281602,0.00019528416043924866
14.436795994993743,0.00019723543817504047
14.455569461827285,0.0001964283054730884
14.474342928660827,0.0001928658547499854
14.493116395494368,0.00018657433238027205
14.51188986232791,0.00017760313869643547
14.530663329161452,0.00016602482798891048
14.549436795994994,0.00015193510850607922
14.568210262828536,0.00013545284245427034
14.586983729662078,0.00011672004599776035
14.60575719649562,9.59018892587724e-05
14.624530663329162,7.318669631747723e-05
14.643304130162704,4.8785945211993034e-05
14.662077596996246,2.2934267938383995e-05
14.680851063829788,-4.110549549337429e-06
14.69962453066333,-3.206756733921201e-05
14.718397997496872,-6.063269156133244e-05
14.737171464330414,-8.947867438784642e-05
14.755944931163956,-0.0001182551140329521
14.774718397997498,-0.00014658845475290107
14.79349186483104,-0.00017408198684599942
14.812265331664582,-0.00020031584665260353
14.831038798498124,-0.00022484701655512443
14.849812265331666,-0.0002472093249780253
14.868585732165208,-0.000266913446387822
14.88735919899875,-0.0002834469012930829
14.906132665832292,-0.00029627405624443073
14.924906132665834,-0.00030483612383453763
14.943679599499376,-0.000308551162698134
14.962453066332918,-0.0003068140775119985
14.98122653316646,-0.00029899661899496417
15.0,-0.00028444738390791827
